
STATISTICS OF PARATOPE SEQUENCE ON ES OF RBD SURFACE BY NUMBERS
ES	RANGE	RBD	CLS	Hits	   A   R   N   D   C   Q   E   G   H   I   L   K   M   F   P   S   T   W   Y   V	                 TOP
0	------- --------  0	101	   2   7   4   7   0   5   5   8   4   5  10   0   3  14   1   5   3   3   9   6	--PAMTWNHQEISVRDGYLF
1	339-341 GEV       3	3	   0   0   0   0   0   0   0   0   0   0   0   0   0   1   0   1   1   0   0   0	-----------------FST
2	343-349 NTRFAS    3	52	   6   0   1  11   0   3   3   2   0   0   1   0   1   3   0   9   0   5   5   2	-------NLMGVQEFWYASD
3	351-357 YAWNRKR   3	69	   7   1   1   5   0   3   3   9   4   1   4   1   2   3   0   4   3   4  11   3	--RNIKMQEFTVHLSWDAGY
4	368-374 LYNSASF   4	129	   4  23   6   3   0   1   2   9   2   1   3   2   0   6   1  20   3  11  32   0	---QIPEHKDLTANFGWSRY
5	375-380 STFKCY    4	128	   2  15   2  15   0   8   9   9   3   0   0   3   3   5   1  18   8  11  14   2	---PANVHKMFQTEGWYRDS
6	381-386 GVSPTK    4	101	   3   3   0  11   0   5   2   6   0   2   4   0   0   3   1  10   8  17  24   2	-----PEIVARFLQGTSDWY
7	403-409 RGDEVRQ   1	86	   2   3   3  10   0   1   9   2   2   0   3   1   1  16   2   2   3   8  18   0	---QKMAGHPSRNLTWEDFY
8	411-417 APGQTGK   0	51	   1   5   1   5   0   3   5   2   6   0   0   0   0   2   0   7   3   2   9   0	-------ANGFWQTRDEHSY
9	420-428 DYNYKLPDD  0	31	   0  13   1   1   0   1   2   2   0   0   1   0   1   0   1   3   1   0   4   0	--------NDQLMPTEGSYR
10	437-443 NSNNLDS   2	27	   0   0   0   0   0   5   5   7   0   0   3   2   0   1   0   0   2   0   2   0	------------FKTYLQEG
11	444-449 KVGGNY    2	154	   5  15   9  23   1   5   8  11   6   3   7   6   0   3   8   6   3   4  29   2	-CVIFTWAQHKSLEPNGRDY
12	450-454 NYLYR     2	105	   0   7   6   6   3   4   4   5   1   2   1   2   1  11   1   6   7  13  17   8	-HLMPIKCQEGNDSRTVFWY
13	455-460 LFRKSN    1	78	   7   8   1   1   0   4   4   3   3   1   3   1   0   0   2  17   1   2  15   5	---NDIKTPWGHLQEVARYS
14	462-467 KPFERD    3	24	   2   0   0   6   0   0   0   5   0   0   1   1   1   3   0   0   2   0   3   0	-----------LKMATFYGD
15	468-472 ISTEI     2	82	   2  11   6   1   1   6   1   2   3   0   0   3   3   2   1  14   7   6  11   2	--DCEPAGFVHKMNQWTRYS
16	473-479 YQAGSTP   1	13	   0   1   0   4   0   0   0   0   2   0   0   0   0   0   0   3   0   3   0   0	---------------RHSWD
17	481-484 NGVE      2	97	   2  18   3   0   0   5   3   1   1   1   4   9   0   2   2  21   6   4  14   1	---GHIVAFPNELWQTKYRS
18	485-487 GFN       1	67	   5   8   3   3   1   6   7   3   0   4   3   2   0   3   2   3   0   3   9   2	---CKPVNDGLFSWIAQERY
19	488-491 CYFP      2	108	   9  16   3   1   1   4   2   5   2   4   9   0   1   3   1  15   4   8  19   1	-DCMPVEHNFQITGWALSRY
20	492-496 LQSYG     2	178	  17  12   5   7   0   5   3  11   1   2   5   4   0  10   2  19  22  13  24  16	--HIPEKNQLDFGRWVASTY
21	497-502 FQPTNG    1	54	   0   5   1   2   0   3   5   5   2   1   0   3   0   3   1   2   6   5  10   0	-----NIPDHSQKFREGWTY
22	503-509 VGYQPYR   1	76	   1   2   2  10   0   6  12   1   3   1   6   2   0   4   2   1   4  10   6   3	--AGISRNKPHVFTQLYDWE
23	516-520 ELLHA     0	22	   1   3   3   0   0   0   1   0   0   1   4   0   0   0   0   3   3   0   3   0	-----------AEIRNSTYL
SUM	------- --------	1836	  78 176  61 132   7  83  95 108  45  29  72  42  17  98  29 189 100 132 288  55	CMIPKHVNLAQEFTGDWRSY
SUM	------- --------	 (%) 	   4  10   3   7   0   5   5   6   2   2   4   2   1   5   2  10   5   7  16   3

STATISTICS OF PARATOPE SEQUENCE ON ES of RBD SURFACE BY BITS
ES	RANGE	RBD	CLS	Hits	    A    R    N    D    C    Q    E    G    H    I    L    K    M    F    P    S    T    W    Y    V  Bits	TOP3
0	------- --------  0	101	 0.05 0.13 0.08 0.13 0.00 0.10 0.10 0.14 0.08 0.10 0.17 0.00 0.06 0.22 0.02 0.09 0.06 0.06 0.15 0.11 3.87	YLF
1	339-341 GEV       3	3	 0.00 0.00 0.00 0.00 0.00 0.00 0.00 0.00 0.00 0.00 0.00 0.00 0.00 0.03 0.00 0.03 0.03 0.00 0.00 0.00 0.00	TSF
2	343-349 NTRFAS    3	52	 0.12 0.00 0.03 0.19 0.00 0.06 0.06 0.05 0.00 0.00 0.02 0.00 0.02 0.06 0.00 0.16 0.00 0.10 0.10 0.04 4.08	ASD
3	351-357 YAWNRKR   3	69	 0.13 0.03 0.03 0.10 0.00 0.06 0.06 0.16 0.08 0.02 0.08 0.02 0.04 0.06 0.00 0.08 0.06 0.08 0.18 0.06 4.00	AGY
4	368-374 LYNSASF   4	129	 0.08 0.34 0.11 0.06 0.00 0.02 0.04 0.16 0.04 0.02 0.06 0.04 0.00 0.11 0.02 0.29 0.06 0.18 0.40 0.00 3.82	SRY
5	375-380 STFKCY    4	128	 0.05 0.24 0.05 0.24 0.00 0.14 0.16 0.15 0.06 0.00 0.00 0.06 0.06 0.09 0.02 0.26 0.13 0.17 0.21 0.04 3.79	DRS
6	381-386 GVSPTK    4	101	 0.07 0.07 0.00 0.19 0.00 0.10 0.05 0.11 0.00 0.04 0.08 0.00 0.00 0.06 0.02 0.17 0.14 0.25 0.33 0.04 3.90	DWY
7	403-409 RGDEVRQ   1	86	 0.05 0.07 0.06 0.18 0.00 0.03 0.16 0.04 0.04 0.00 0.06 0.02 0.02 0.25 0.04 0.04 0.06 0.14 0.26 0.00 3.95	DFY
8	411-417 APGQTGK   0	51	 0.03 0.10 0.03 0.10 0.00 0.06 0.10 0.05 0.11 0.00 0.00 0.00 0.00 0.04 0.00 0.13 0.06 0.04 0.15 0.00 4.08	HSY
9	420-428 DYNYKLPDD  0	31	 0.00 0.22 0.03 0.03 0.00 0.03 0.05 0.05 0.00 0.00 0.02 0.00 0.02 0.00 0.02 0.06 0.02 0.00 0.08 0.00 4.17	SYR
10	437-443 NSNNLDS   2	27	 0.00 0.00 0.00 0.00 0.00 0.10 0.10 0.13 0.00 0.00 0.06 0.05 0.00 0.02 0.00 0.00 0.05 0.00 0.05 0.00 4.19	EQG
11	444-449 KVGGNY    2	154	 0.10 0.24 0.16 0.33 0.02 0.10 0.14 0.18 0.11 0.06 0.12 0.11 0.00 0.06 0.13 0.10 0.06 0.07 0.36 0.04 3.70	RDY
12	450-454 NYLYR     2	105	 0.00 0.13 0.12 0.12 0.06 0.08 0.08 0.10 0.02 0.04 0.02 0.04 0.02 0.18 0.02 0.11 0.12 0.20 0.25 0.13 3.86	FWY
13	455-460 LFRKSN    1	78	 0.13 0.15 0.03 0.03 0.00 0.08 0.08 0.06 0.06 0.02 0.06 0.02 0.00 0.00 0.04 0.26 0.02 0.04 0.23 0.09 3.98	RYS
14	462-467 KPFERD    3	24	 0.05 0.00 0.00 0.12 0.00 0.00 0.00 0.10 0.00 0.00 0.03 0.03 0.03 0.06 0.00 0.00 0.05 0.00 0.06 0.00 4.20	FGD
15	468-472 ISTEI     2	82	 0.05 0.19 0.12 0.03 0.02 0.11 0.02 0.04 0.06 0.00 0.00 0.06 0.06 0.04 0.02 0.22 0.12 0.11 0.18 0.04 3.95	YRS
16	473-479 YQAGSTP   1	13	 0.00 0.03 0.00 0.08 0.00 0.00 0.00 0.00 0.05 0.00 0.00 0.00 0.00 0.00 0.00 0.06 0.00 0.06 0.00 0.00 1.06	WSD
17	481-484 NGVE      2	97	 0.05 0.28 0.06 0.00 0.00 0.10 0.06 0.02 0.02 0.02 0.08 0.16 0.00 0.04 0.04 0.30 0.11 0.08 0.21 0.02 3.91	YRS
18	485-487 GFN       1	67	 0.10 0.15 0.06 0.06 0.02 0.11 0.13 0.06 0.00 0.08 0.06 0.04 0.00 0.06 0.04 0.06 0.00 0.06 0.15 0.04 4.00	ERY
19	488-491 CYFP      2	108	 0.16 0.26 0.06 0.02 0.02 0.08 0.04 0.10 0.04 0.08 0.15 0.00 0.02 0.06 0.02 0.23 0.08 0.14 0.27 0.02 3.86	SRY
20	492-496 LQSYG     2	178	 0.27 0.20 0.10 0.13 0.00 0.10 0.06 0.18 0.02 0.04 0.09 0.08 0.00 0.16 0.04 0.27 0.30 0.19 0.31 0.22 3.63	STY
21	497-502 FQPTNG    1	54	 0.00 0.10 0.03 0.05 0.00 0.06 0.10 0.10 0.05 0.02 0.00 0.06 0.00 0.06 0.02 0.04 0.11 0.10 0.17 0.00 4.06	RTY
22	503-509 VGYQPYR   1	76	 0.03 0.05 0.05 0.18 0.00 0.11 0.20 0.02 0.06 0.02 0.11 0.04 0.00 0.08 0.04 0.02 0.08 0.17 0.11 0.06 3.97	WDE
23	516-520 ELLHA     0	22	 0.03 0.07 0.07 0.00 0.00 0.00 0.03 0.00 0.00 0.03 0.08 0.00 0.00 0.00 0.00 0.06 0.06 0.00 0.06 0.00 4.21	NRL
SUM	------- --------	1836	 0.07 0.11 0.06 0.09 0.01 0.07 0.08 0.08 0.05 0.03 0.06 0.04 0.02 0.08 0.03 0.12 0.08 0.09 0.14 0.05 0.35	RSY
