I332	332	0	0
T333	333	0	0
N334	334	0	0
L335	335	0	0
C336	336	0	0
P337	337	0	0
F338	338	0	0
G339	339	1	3
E340	340	1	3
V341	341	1	3
F342	342	0	0
N343	343	2	3
A344	344	2	3
T345	345	2	3
R346	346	2	3
F347	347	2	0
A348	348	2	0
S349	349	2	0
V350	350	0	0
Y351	351	3	3
A352	352	3	3
W353	353	3	3
N354	354	3	3
R355	355	3	3
K356	356	3	0
R357	357	3	3
I358	358	0	0
S359	359	0	0
N360	360	0	0
C361	361	0	0
V362	362	0	0
A363	363	0	0
D364	364	0	0
Y365	365	0	0
S366	366	0	0
V367	367	0	0
L368	368	4	0
Y369	369	4	4
N370	370	4	4
S371	371	4	4
A372	372	4	4
S373	373	4	4
F374	374	4	4
S375	375	5	4
T376	376	5	4
F377	377	5	4
K378	378	5	4
C379	379	5	4
Y380	380	5	4
G381	381	6	0
V382	382	6	4
S383	383	6	4
P384	384	6	4
T385	385	6	4
K386	386	6	0
L387	387	0	0
N388	388	0	0
D389	389	0	0
L390	390	0	0
C391	391	0	0
F392	392	0	0
T393	393	0	0
N394	394	0	0
V395	395	0	0
Y396	396	0	0
A397	397	0	0
D398	398	0	0
S399	399	0	0
F400	400	0	0
V401	401	0	0
I402	402	0	0
R403	403	7	1
G404	404	7	1
D405	405	7	1
E406	406	7	1
V407	407	7	1
R408	408	7	1
Q409	409	7	1
I410	410	0	0
A411	411	8	0
P412	412	8	0
G413	413	8	0
Q414	414	8	0
T415	415	8	0
G416	416	8	0
K417	417	8	0
I418	418	0	0
A419	419	0	0
D420	420	9	0
Y421	421	9	0
N422	422	9	0
Y423	423	9	0
K424	424	9	0
L425	425	9	0
P426	426	9	0
D427	427	9	0
D428	428	9	0
F429	429	0	0
T430	430	0	0
G431	431	0	0
C432	432	0	0
V433	433	0	0
I434	434	0	0
A435	435	0	0
W436	436	0	0
N437	437	10	0
S438	438	10	0
N439	439	10	2
N440	440	10	2
L441	441	10	2
D442	442	10	2
S443	443	10	2
K444	444	11	2
V445	445	11	2
G446	446	11	2
G447	447	11	2
N448	448	11	2
Y449	449	11	2
N450	450	12	2
Y451	451	12	2
L452	452	12	2
Y453	453	12	1
R454	454	12	1
L455	455	13	1
F456	456	13	1
R457	457	13	1
K458	458	13	1
S459	459	13	1
N460	460	13	1
L461	461	0	0
K462	462	14	3
P463	463	14	3
F464	464	14	3
E465	465	14	3
R466	466	14	3
D467	467	14	0
I468	468	15	2
S469	469	15	2
T470	470	15	2
E471	471	15	2
I472	472	15	0
Y473	473	16	1
Q474	474	16	1
A475	475	16	1
G476	476	16	1
S477	477	16	1
T478	478	16	1
P479	479	16	1
C480	480	0	0
N481	481	17	2
G482	482	17	2
V483	483	17	2
E484	484	17	2
G485	485	18	1
F486	486	18	1
N487	487	18	1
C488	488	19	1
Y489	489	19	1
F490	490	19	2
P491	491	19	0
L492	492	20	2
Q493	493	20	1
S494	494	20	2
Y495	495	20	1
G496	496	20	1
F497	497	21	1
Q498	498	21	1
P499	499	21	1
T500	500	21	1
N501	501	21	1
G502	502	21	1
V503	503	22	1
G504	504	22	1
Y505	505	22	1
Q506	506	22	1
P507	507	22	1
Y508	508	22	1
R509	509	22	0
V510	510	0	0
V511	511	0	0
V512	512	0	0
L513	513	0	0
S514	514	0	0
F515	515	0	0
E516	516	23	0
L517	517	23	0
L518	518	23	0
H519	519	23	0
A520	520	23	0
P521	521	0	0
A522	522	0	0
T523	523	0	0
V524	524	0	0
C525	525	0	0
G526	526	0	0
P527	527	0	0
K528	528	0	0
K529	529	0	0
